"TOA5","CR1000_Gülpe_CELL2015","CR1000","E10832","CR1000.Std.29","CPU:guelpe_juli26_upload_SDI12auf3.CR1","45240","Temp"
"TIMESTAMP","RECORD","AirTC_1_Avg","RH_1","AirTC_2_Avg","RH_2","T107_C_1_Avg","T107_C_2_Avg","T107_C_3_Avg"
"TS","RN","Deg C","%","Deg C","%","Deg C","Deg C","Deg C"
"","","Avg","Smp","Avg","Smp","Avg","Avg","Avg"
"2026-08-30 00:00:00",3271,17.29,75.83,16.46,80.4,18.48,17.45,16.57
"2026-08-30 00:20:00",3272,18.62,67.67,17.72,71.35,18.42,17.46,16.58
"2026-08-30 00:40:00",3273,20.29,63.93,19.71,65.55,18.37,17.46,16.58
"2026-08-30 01:00:00",3274,20.56,64.27,20.13,65.52,18.31,17.46,16.58
"2026-08-30 01:20:00",3275,20.47,65.25,20.05,66.26,18.26,17.46,16.58
"2026-08-30 01:40:00",3276,20.4,66.87,20,68.04,18.22,17.45,16.58
"2026-08-30 02:00:00",3277,19.88,69.85,19.51,71.02,18.18,17.45,16.58
"2026-08-30 02:20:00",3278,19.77,68.61,19.38,69.88,18.15,17.45,16.58
"2026-08-30 02:40:00",3279,19.39,76.54,18.97,77.92,18.13,17.46,16.59
"2026-08-30 03:00:00",3280,18.5,79.33,18.07,80.5,18.1,17.46,16.59
"2026-08-30 03:20:00",3281,18.44,82.3,18.07,84.2,18.08,17.46,16.59
"2026-08-30 03:40:00",3282,17.72,92.5,17.31,92.4,18.06,17.46,16.6
"2026-08-30 04:00:00",3283,16.87,95.7,16.62,95.4,18.05,17.47,16.61
"2026-08-30 04:20:00",3284,16.48,97.2,16.29,96.8,18.04,17.47,16.62
"2026-08-30 04:40:00",3285,16.35,97.6,16.11,97.4,18.02,17.48,16.63
"2026-08-30 05:00:00",3286,16.29,97.7,15.98,97.9,18.01,17.47,16.63
"2026-08-30 05:20:00",3287,16.39,97.4,16.1,98.1,17.99,17.47,16.63
"2026-08-30 05:40:00",3288,16.63,95.1,16.19,97.3,17.97,17.47,16.63
"2026-08-30 06:00:00",3289,16.36,95.8,15.81,96.9,17.95,17.46,16.64
"2026-08-30 06:20:00",3290,16.05,94.5,15.44,96.8,17.93,17.45,16.64
"2026-08-30 06:40:00",3291,16.2,94,15.58,95.7,17.91,17.45,16.64
"2026-08-30 07:00:00",3292,15.62,95.7,15.09,96.6,17.88,17.44,16.65
"2026-08-30 07:20:00",3293,15.91,94.6,15.54,96.8,17.85,17.43,16.65
"2026-08-30 07:40:00",3294,17.39,89.2,17.01,92.6,17.81,17.43,16.65
"2026-08-30 08:00:00",3295,17.93,85.1,17.55,87.9,17.78,17.42,16.65
"2026-08-30 08:20:00",3296,18.52,82.8,18.16,85.2,17.75,17.41,16.64
"2026-08-30 08:40:00",3297,19.43,79.55,19.29,80.2,17.73,17.4,16.64
"2026-08-30 09:00:00",3298,19.34,83.1,19.29,83.7,17.71,17.38,16.63
"2026-08-30 09:20:00",3299,20.02,79.61,20.35,79.77,17.7,17.37,16.62
"2026-08-30 09:40:00",3300,21.6,72,22.13,71.74,17.69,17.36,16.62
"2026-08-30 10:00:00",3301,22.53,67.67,23.15,67.18,17.71,17.34,16.62
"2026-08-30 10:20:00",3302,22.5,65.78,22.86,66.04,17.75,17.33,16.62
"2026-08-30 10:40:00",3303,22.33,67.09,22.59,66.76,17.82,17.32,16.62
"2026-08-30 11:00:00",3304,22.02,64.41,22.14,64.8,17.88,17.32,16.62
"2026-08-30 11:20:00",3305,23.06,60.08,23.7,57.99,17.95,17.31,16.62
"2026-08-30 11:40:00",3306,23.92,55.75,24.88,54.37,18,17.29,16.61
"2026-08-30 12:00:00",3307,23.48,55.35,24.1,53.85,18.06,17.29,16.61
"2026-08-30 12:20:00",3308,23.63,56.51,24.25,54.72,18.13,17.28,16.61
"2026-08-30 12:40:00",3309,23.48,56.44,24,54.78,18.2,17.28,16.61
"2026-08-30 13:00:00",3310,23.62,57.23,24.15,55.84,18.27,17.27,16.61
"2026-08-30 13:20:00",3311,23.45,58.35,23.89,57.12,18.34,17.27,16.61
"2026-08-30 13:40:00",3312,23.76,57.6,24.36,55.31,18.4,17.26,16.61
"2026-08-30 14:00:00",3313,23.76,57.35,24.27,56.44,18.45,17.26,16.61
"2026-08-30 14:20:00",3314,23.77,57.18,24.35,55.57,18.5,17.26,16.61
"2026-08-30 14:40:00",3315,24.38,56.52,25.36,54.2,18.55,17.26,16.6
"2026-08-30 15:00:00",3316,23.8,58.02,24.29,56.53,18.59,17.26,16.6
"2026-08-30 15:20:00",3317,23.45,58.35,23.87,56.81,18.64,17.26,16.6
"2026-08-30 15:40:00",3318,23.46,58.26,23.95,56.49,18.72,17.29,16.63
"2026-08-30 16:00:00",3319,23.5,59.6,23.98,58.41,18.75,17.29,16.63
"2026-08-30 16:20:00",3320,23.27,57.32,23.62,56.02,18.79,17.3,16.63
"2026-08-30 16:40:00",3321,24.28,56.5,25.06,54.37,18.82,17.3,16.63
"2026-08-30 17:00:00",3322,23.66,56.61,24.13,55.38,18.85,17.31,16.63
"2026-08-30 17:20:00",3323,23.54,55.3,23.81,54.49,18.88,17.31,16.63
"2026-08-30 17:40:00",3324,23.5,56.42,23.69,55.91,18.91,17.32,16.63
"2026-08-30 18:00:00",3325,23.1,59.02,23.18,58.48,18.94,17.33,16.63
"2026-08-30 18:20:00",3326,22.88,59.62,22.91,59.37,18.95,17.34,16.63
"2026-08-30 18:40:00",3327,22.8,60.45,22.81,60.29,18.97,17.35,16.63
"2026-08-30 19:00:00",3328,22.4,63.64,22.36,63.39,18.97,17.35,16.63
"2026-08-30 19:20:00",3329,22.02,64.81,21.9,64.81,18.97,17.37,16.63
"2026-08-30 19:40:00",3330,21.75,66.28,21.61,66.43,18.97,17.38,16.63
"2026-08-30 20:00:00",3331,21.54,67.27,21.38,67.41,18.96,17.39,16.63
"2026-08-30 20:20:00",3332,21.3,68.76,21.1,69.21,18.95,17.4,16.63
"2026-08-30 20:40:00",3333,21.06,69.96,20.78,70.49,18.93,17.4,16.64
"2026-08-30 21:00:00",3334,20.84,71.01,20.51,71.97,18.91,17.42,16.64
"2026-08-30 21:20:00",3335,20.6,72.14,20.23,73.19,18.89,17.43,16.64
"2026-08-30 21:40:00",3336,20.5,71.5,20.06,72.5,18.86,17.44,16.65
"2026-08-30 22:00:00",3337,20.46,72.71,20.08,73.79,18.84,17.45,16.64
"2026-08-30 22:20:00",3338,20.19,73.27,19.7,75.14,18.81,17.46,16.65
"2026-08-30 22:40:00",3339,19.88,75.17,19.32,77.17,18.78,17.47,16.65
"2026-08-30 23:00:00",3340,19.55,76.27,19,78.49,18.75,17.47,16.65
"2026-08-30 23:20:00",3341,19.23,77.01,18.63,79.1,18.72,17.48,16.66
"2026-08-30 23:40:00",3342,19.37,75.85,18.86,77.5,18.68,17.49,16.66
"2026-08-31 00:00:00",3343,19.2,77.57,18.75,78.65,18.65,17.5,16.66
"2026-08-31 00:20:00",3344,18.91,79.71,18.32,81.4,18.61,17.5,16.66
"2026-08-31 00:40:00",3345,18.56,78.48,17.84,81.1,18.57,17.5,16.66
"2026-08-31 01:00:00",3346,18.77,77.06,18.06,80,18.53,17.51,16.66
"2026-08-31 01:20:00",3347,18.38,82.2,17.38,84.4,18.49,17.51,16.67
"2026-08-31 01:40:00",3348,16.6,85.9,15.31,90.1,18.46,17.52,16.67
"2026-08-31 02:00:00",3349,16.69,86.9,15.09,90.4,18.43,17.53,16.68
"2026-08-31 02:20:00",3350,14.95,92.8,14.06,93.5,18.39,17.54,16.69
"2026-08-31 02:40:00",3351,14.63,92.4,13.69,95.1,18.33,17.54,16.69
"2026-08-31 03:00:00",3352,14.66,92.4,13.91,95.2,18.27,17.54,16.7
"2026-08-31 03:20:00",3353,14.43,93.6,13.5,94.3,18.2,17.54,16.7
"2026-08-31 03:40:00",3354,12.98,95.7,12.28,96.8,18.13,17.54,16.7
"2026-08-31 04:00:00",3355,13.13,95.6,12.41,97,18.05,17.54,16.7
"2026-08-31 04:20:00",3356,13.22,95.7,12.48,97.4,17.97,17.54,16.71
"2026-08-31 04:40:00",3357,13.91,94.3,13.24,96.7,17.89,17.54,16.71
"2026-08-31 05:00:00",3358,13.86,95.5,13.26,96.1,17.82,17.54,16.71
"2026-08-31 05:20:00",3359,13.26,96.7,12.79,97.3,17.75,17.54,16.71
"2026-08-31 05:40:00",3360,13.83,94.9,13.2,97.1,17.69,17.53,16.71
"2026-08-31 06:00:00",3361,13.93,94.3,13.39,96.4,17.63,17.53,16.72
"2026-08-31 06:20:00",3362,14.06,93.7,13.46,96,17.57,17.52,16.72
"2026-08-31 06:40:00",3363,14.34,93.4,13.64,95.7,17.52,17.51,16.72
"2026-08-31 07:00:00",3364,14.62,91.3,14,95.2,17.47,17.51,16.72
"2026-08-31 07:20:00",3365,15.2,91.1,14.69,93.2,17.43,17.5,16.73
"2026-08-31 07:40:00",3366,15.21,90.4,14.85,92.7,17.39,17.49,16.72
"2026-08-31 08:00:00",3367,15.5,92.2,15.17,92.6,17.35,17.48,16.73
"2026-08-31 08:20:00",3368,15.33,92.1,15.05,93.8,17.32,17.47,16.73
"2026-08-31 08:40:00",3369,15.63,90.2,15.31,92.9,17.29,17.46,16.73
"2026-08-31 09:00:00",3370,16.3,89.9,16.12,90.9,17.26,17.45,16.73
"2026-08-31 09:20:00",3371,17.65,80.9,18.02,80.6,17.24,17.44,16.73
"2026-08-31 09:40:00",3372,19.16,78.05,19.96,76.17,17.22,17.42,16.72
"2026-08-31 10:00:00",3373,19.43,75.34,20.12,73.76,17.21,17.39,16.71
"2026-08-31 10:20:00",3374,20.85,70.31,21.92,67.84,17.24,17.37,16.7
"2026-08-31 10:40:00",3375,21.8,63.87,23.15,60.26,17.29,17.35,16.69
"2026-08-31 11:00:00",3376,22.16,66.15,23.6,61.31,17.35,17.33,16.69
"2026-08-31 11:20:00",3377,22.83,62.13,24.27,57.1,17.42,17.32,16.69
"2026-08-31 11:40:00",3378,23.59,64.06,25.2,59.31,17.51,17.3,16.68
"2026-08-31 12:00:00",3379,23.24,62.21,24.66,57.45,17.6,17.29,16.68
"2026-08-31 12:20:00",3380,24.35,58.53,26.26,53.11,17.71,17.28,16.68
"2026-08-31 12:40:00",3381,24.5,57.41,26.55,51.66,17.81,17.26,16.67
"2026-08-31 13:00:00",3382,25.11,54.15,27.09,48.28,17.92,17.26,16.67
"2026-08-31 13:20:00",3383,24.98,59.55,26.68,56.43,18.03,17.24,16.66
"2026-08-31 13:20:00",3384,23.97,59.08,24.85,56.2,18.16,17.23,16.66
"2026-08-31 13:40:00",3385,24.4,57.44,25.42,55.86,18.24,17.23,16.66
