"TOA5","CR1000_Gülpe_CELL2015","CR1000","E10832","CR1000.Std.29","CPU:guelpe_juli26_upload_SDI12auf3.CR1","45240","Guelpe_SMT100"
"TIMESTAMP","RECORD","S0_Adr","S0_Roh","S0_Dielek","S0_Wasserg","S0_Temp","S0_Spg","S1_Adr","S1_Roh","S1_Dielek","S1_Wasserg","S1_Temp","S1_Spg","S2_Adr","S2_Roh","S2_Dielek","S2_Wasserg","S2_Temp","S2_Spg","S3_Adr","S3_Roh","S3_Dielek","S3_Wasserg","S3_Temp","S3_Spg","S4_Adr","S4_Roh","S4_Dielek","S4_Wasserg","S4_Temp","S4_Spg","S5_Adr","S5_Roh","S5_Dielek","S5_Wasserg","S5_Temp","S5_Spg"
"TS","RN","","","","","","","","","","","","","","","","","","","","","","","","","","","","","","","","","","","",""
"","","Smp","Smp","Smp","Smp","Smp","Smp","Smp","Smp","Smp","Smp","Smp","Smp","Smp","Smp","Smp","Smp","Smp","Smp","Smp","Smp","Smp","Smp","Smp","Smp","Smp","Smp","Smp","Smp","Smp","Smp","Smp","Smp","Smp","Smp","Smp","Smp"
"2026-08-30 00:00:00",4362,0,15725,3.08,3.18,19.02,13.43,1,15157,4.04,5.63,18.6,13.36,2,15571,3.48,4.21,17.98,13.59,3,15457,3.25,3.63,17.37,13.51,4,15509,3.34,3.85,16.71,13.28,5,15149,3.94,5.37,15.68,13.43
"2026-08-30 00:15:00",4363,0,15725,3.08,3.18,18.92,13.43,1,15158,4.04,5.63,18.58,13.33,2,15572,3.48,4.21,17.98,13.62,3,15457,3.25,3.63,17.38,13.51,4,15508,3.34,3.85,16.72,13.3,5,15149,3.94,5.37,15.65,13.43
"2026-08-30 00:30:00",4364,0,15727,3.08,3.18,18.91,13.41,1,15158,4.04,5.63,18.55,13.28,2,15572,3.48,4.21,18.01,13.51,3,15457,3.25,3.63,17.35,13.49,4,15508,3.34,3.85,16.73,13.28,5,15149,3.94,5.37,15.67,13.38
"2026-08-30 00:45:00",4365,0,15727,3.08,3.18,18.84,13.41,1,15159,4.04,5.63,18.53,13.33,2,15573,3.48,4.21,18.02,13.54,3,15457,3.25,3.63,17.38,13.51,4,15508,3.34,3.85,16.75,13.25,5,15149,3.94,5.37,15.71,13.38
"2026-08-30 01:00:00",4366,0,15728,3.08,3.18,18.8,13.38,1,15160,4.04,5.62,18.49,13.25,2,15574,3.48,4.2,18.02,13.49,3,15458,3.25,3.63,17.38,13.46,4,15508,3.34,3.85,16.73,13.25,5,15149,3.94,5.37,15.69,13.33
"2026-08-30 01:15:00",4367,0,15728,3.08,3.18,18.77,13.36,1,15161,4.04,5.62,18.48,13.2,2,15574,3.48,4.2,17.98,13.51,3,15457,3.25,3.63,17.39,13.46,4,15509,3.34,3.85,16.74,13.23,5,15150,3.94,5.37,15.69,13.28
"2026-08-30 01:30:00",4368,0,15728,3.08,3.18,18.72,13.38,1,15161,4.04,5.62,18.48,13.23,2,15575,3.47,4.2,17.99,13.51,3,15458,3.25,3.63,17.38,13.46,4,15509,3.34,3.85,16.75,13.23,5,15150,3.94,5.37,15.68,13.3
"2026-08-30 01:45:00",4369,0,15728,3.08,3.18,18.68,13.3,1,15162,4.04,5.62,18.45,13.28,2,15576,3.47,4.2,17.98,13.54,3,15458,3.25,3.63,17.43,13.46,4,15508,3.34,3.85,16.74,13.25,5,15150,3.94,5.37,15.64,13.36
"2026-08-30 02:00:00",4370,0,15729,3.08,3.17,18.62,13.3,1,15163,4.03,5.61,18.44,13.28,2,15576,3.47,4.2,17.96,13.54,3,15459,3.25,3.62,17.4,13.46,4,15509,3.34,3.85,16.76,13.2,5,15150,3.94,5.37,15.66,13.36
"2026-08-30 02:15:00",4371,0,15729,3.08,3.17,18.66,13.33,1,15164,4.03,5.61,18.38,13.28,2,15577,3.47,4.19,17.97,13.54,3,15459,3.25,3.62,17.41,13.43,4,15509,3.34,3.85,16.73,13.2,5,15150,3.94,5.37,15.67,13.36
"2026-08-30 02:30:00",4372,0,15730,3.07,3.17,18.59,13.38,1,15165,4.03,5.61,18.36,13.28,2,15577,3.47,4.19,17.98,13.54,3,15459,3.25,3.62,17.37,13.43,4,15509,3.34,3.85,16.76,13.23,5,15150,3.94,5.37,15.66,13.36
"2026-08-30 02:45:00",4373,0,15730,3.07,3.17,18.59,13.36,1,15165,4.03,5.61,18.32,13.23,2,15578,3.47,4.19,17.96,13.54,3,15459,3.25,3.62,17.41,13.46,4,15509,3.34,3.85,16.73,13.23,5,15151,3.93,5.36,15.66,13.3
"2026-08-30 03:00:00",4374,0,15730,3.07,3.17,18.55,13.36,1,15166,4.03,5.6,18.33,13.28,2,15578,3.47,4.19,17.92,13.49,3,15459,3.25,3.62,17.41,13.46,4,15509,3.34,3.85,16.77,13.23,5,15151,3.93,5.36,15.65,13.3
"2026-08-30 03:15:00",4375,0,15730,3.07,3.17,18.55,13.33,1,15167,4.03,5.6,18.32,13.25,2,15580,3.47,4.19,17.95,13.49,3,15460,3.25,3.62,17.4,13.46,4,15509,3.34,3.85,16.75,13.23,5,15151,3.93,5.36,15.7,13.33
"2026-08-30 03:30:00",4376,0,15728,3.08,3.18,18.52,13.41,1,15172,4.02,5.58,18.28,13.25,2,15580,3.47,4.19,17.97,13.56,3,15459,3.25,3.62,17.38,13.51,4,15504,3.34,3.86,16.79,13.28,5,15150,3.94,5.37,15.66,13.33
"2026-08-30 03:45:00",4377,0,15728,3.08,3.18,18.53,13.38,1,15171,4.02,5.59,18.24,13.25,2,15579,3.47,4.19,17.95,13.56,3,15458,3.25,3.63,17.39,13.49,4,15502,3.35,3.87,16.75,13.28,5,15150,3.94,5.37,15.66,13.38
"2026-08-30 04:00:00",4378,0,15728,3.08,3.18,18.48,13.36,1,15171,4.02,5.59,18.24,13.3,2,15580,3.47,4.19,17.92,13.56,3,15456,3.25,3.63,17.41,13.49,4,15499,3.35,3.88,16.76,13.28,5,15151,3.93,5.36,15.66,13.38
"2026-08-30 04:15:00",4379,0,15729,3.08,3.17,18.47,13.36,1,15171,4.02,5.59,18.24,13.3,2,15581,3.47,4.18,17.91,13.59,3,15457,3.25,3.63,17.4,13.51,4,15499,3.35,3.88,16.81,13.23,5,15151,3.93,5.36,15.65,13.41
"2026-08-30 04:30:00",4380,0,15730,3.07,3.17,18.46,13.43,1,15172,4.02,5.58,18.22,13.36,2,15583,3.46,4.17,17.91,13.62,3,15458,3.25,3.63,17.38,13.54,4,15501,3.35,3.87,16.79,13.33,5,15151,3.93,5.36,15.69,13.36
"2026-08-30 04:45:00",4381,0,15731,3.07,3.17,18.43,13.43,1,15172,4.02,5.58,18.22,13.33,2,15584,3.46,4.17,17.9,13.62,3,15459,3.25,3.62,17.39,13.54,4,15501,3.35,3.87,16.75,13.33,5,15151,3.93,5.36,15.66,13.38
"2026-08-30 05:00:00",4382,0,15731,3.07,3.17,18.43,13.43,1,15172,4.02,5.58,18.2,13.3,2,15585,3.46,4.17,17.89,13.56,3,15459,3.25,3.62,17.38,13.54,4,15501,3.35,3.87,16.76,13.3,5,15150,3.94,5.37,15.65,13.43
"2026-08-30 05:15:00",4383,0,15732,3.07,3.17,18.41,13.43,1,15171,4.02,5.59,18.18,13.36,2,15587,3.46,4.16,17.86,13.59,3,15460,3.25,3.62,17.41,13.54,4,15502,3.35,3.87,16.77,13.33,5,15150,3.94,5.37,15.66,13.38
"2026-08-30 05:30:00",4384,0,15732,3.07,3.17,18.41,13.43,1,15170,4.02,5.59,18.17,13.3,2,15588,3.46,4.16,17.88,13.62,3,15461,3.25,3.62,17.36,13.54,4,15501,3.35,3.87,16.78,13.3,5,15150,3.94,5.37,15.7,13.38
"2026-08-30 05:45:00",4385,0,15732,3.07,3.17,18.37,13.46,1,15170,4.02,5.59,18.14,13.36,2,15589,3.46,4.16,17.9,13.59,3,15462,3.25,3.61,17.38,13.54,4,15502,3.35,3.87,16.78,13.3,5,15150,3.94,5.37,15.67,13.41
"2026-08-30 06:00:00",4386,0,15732,3.07,3.17,18.35,13.38,1,15170,4.02,5.59,18.13,13.36,2,15590,3.46,4.15,17.86,13.62,3,15462,3.25,3.61,17.39,13.54,4,15502,3.35,3.87,16.79,13.28,5,15151,3.93,5.36,15.67,13.43
"2026-08-30 06:15:00",4387,0,15733,3.07,3.16,18.32,13.46,1,15170,4.02,5.59,18.13,13.38,2,15590,3.46,4.15,17.88,13.62,3,15462,3.25,3.61,17.39,13.54,4,15503,3.34,3.87,16.8,13.28,5,15151,3.93,5.36,15.67,13.43
"2026-08-30 06:30:00",4388,0,15732,3.07,3.17,18.3,13.49,1,15170,4.02,5.59,18.13,13.38,2,15590,3.46,4.15,17.82,13.64,3,15463,3.24,3.61,17.35,13.54,4,15503,3.34,3.87,16.77,13.33,5,15151,3.93,5.36,15.72,13.46
"2026-08-30 06:45:00",4389,0,15732,3.07,3.17,18.29,13.46,1,15171,4.02,5.59,18.09,13.38,2,15590,3.46,4.15,17.83,13.62,3,15463,3.24,3.61,17.41,13.56,4,15503,3.34,3.87,16.74,13.36,5,15151,3.93,5.36,15.7,13.46
"2026-08-30 07:00:00",4390,0,15733,3.07,3.16,18.25,13.46,1,15171,4.02,5.59,18.05,13.38,2,15590,3.46,4.15,17.82,13.59,3,15463,3.24,3.61,17.35,13.56,4,15504,3.34,3.86,16.82,13.33,5,15151,3.93,5.36,15.69,13.43
"2026-08-30 07:15:00",4391,0,15734,3.07,3.16,18.23,13.46,1,15172,4.02,5.58,18.05,13.33,2,15590,3.46,4.15,17.8,13.64,3,15464,3.24,3.61,17.36,13.56,4,15504,3.34,3.86,16.77,13.36,5,15152,3.93,5.36,15.73,13.41
"2026-08-30 07:30:00",4392,0,15734,3.07,3.16,18.19,13.46,1,15172,4.02,5.58,18.07,13.33,2,15591,3.46,4.15,17.8,13.64,3,15464,3.24,3.61,17.36,13.56,4,15504,3.34,3.86,16.81,13.36,5,15152,3.93,5.36,15.68,13.41
"2026-08-30 07:45:00",4393,0,15734,3.07,3.16,18.14,13.43,1,15172,4.02,5.58,18.05,13.3,2,15592,3.45,4.15,17.8,13.62,3,15465,3.24,3.6,17.36,13.56,4,15504,3.34,3.86,16.79,13.3,5,15152,3.93,5.36,15.68,13.38
"2026-08-30 08:00:00",4394,0,15733,3.07,3.16,18.12,13.43,1,15173,4.02,5.58,18.01,13.33,2,15592,3.45,4.15,17.83,13.62,3,15465,3.24,3.6,17.36,13.54,4,15504,3.34,3.86,16.8,13.3,5,15152,3.93,5.36,15.71,13.41
"2026-08-30 08:15:00",4395,0,15733,3.07,3.16,18.13,13.38,1,15173,4.02,5.58,18,13.36,2,15592,3.45,4.15,17.78,13.62,3,15466,3.24,3.6,17.36,13.54,4,15505,3.34,3.86,16.78,13.3,5,15153,3.93,5.36,15.68,13.43
"2026-08-30 08:30:00",4396,0,15734,3.07,3.16,18.09,13.36,1,15174,4.02,5.57,18.01,13.3,2,15593,3.45,4.14,17.79,13.59,3,15466,3.24,3.6,17.34,13.49,4,15505,3.34,3.86,16.77,13.25,5,15152,3.93,5.36,15.69,13.41
"2026-08-30 08:45:00",4397,0,15734,3.07,3.16,18.07,13.38,1,15175,4.02,5.57,17.97,13.25,2,15593,3.45,4.14,17.73,13.54,3,15466,3.24,3.6,17.34,13.43,4,15506,3.34,3.86,16.79,13.17,5,15153,3.93,5.36,15.68,13.36
"2026-08-30 09:00:00",4398,0,15733,3.07,3.16,18.09,13.36,1,15175,4.02,5.57,17.95,13.28,2,15594,3.45,4.14,17.75,13.54,3,15466,3.24,3.6,17.35,13.43,4,15506,3.34,3.86,16.8,13.25,5,15152,3.93,5.36,15.7,13.36
"2026-08-30 09:15:00",4399,0,15733,3.07,3.16,18.05,13.33,1,15175,4.02,5.57,17.91,13.23,2,15595,3.45,4.14,17.74,13.49,3,15467,3.24,3.6,17.34,13.43,4,15506,3.34,3.86,16.82,13.2,5,15153,3.93,5.36,15.69,13.33
"2026-08-30 09:30:00",4400,0,15735,3.07,3.16,18.05,13.28,1,15176,4.02,5.57,17.91,13.15,2,15596,3.45,4.14,17.72,13.41,3,15467,3.24,3.6,17.31,13.38,4,15506,3.34,3.86,16.76,13.15,5,15153,3.93,5.36,15.68,13.28
"2026-08-30 09:45:00",4401,0,15735,3.07,3.16,18.09,13.25,1,15177,4.01,5.56,17.93,13.15,2,15597,3.45,4.13,17.71,13.38,3,15467,3.24,3.6,17.33,13.33,4,15506,3.34,3.86,16.77,13.12,5,15153,3.93,5.36,15.69,13.17
"2026-08-30 10:00:00",4402,0,15735,3.07,3.16,18.11,13.23,1,15179,4.01,5.56,17.95,13.1,2,15598,3.45,4.13,17.73,13.38,3,15468,3.24,3.59,17.31,13.3,4,15506,3.34,3.86,16.81,13.1,5,15153,3.93,5.36,15.66,13.17
"2026-08-30 10:15:00",4403,0,15736,3.07,3.15,18.16,13.2,1,15180,4.01,5.55,17.88,13.04,2,15598,3.45,4.13,17.73,13.36,3,15468,3.24,3.59,17.34,13.25,4,15507,3.34,3.85,16.79,13.07,5,15153,3.93,5.36,15.68,13.17
"2026-08-30 10:30:00",4404,0,15737,3.07,3.15,18.15,13.17,1,15181,4.01,5.55,17.89,13.04,2,15599,3.44,4.12,17.71,13.36,3,15469,3.24,3.59,17.34,13.28,4,15507,3.34,3.85,16.73,13.07,5,15154,3.93,5.35,15.68,13.12
"2026-08-30 10:45:00",4405,0,15736,3.07,3.15,18.24,13.17,1,15181,4.01,5.55,17.86,13.07,2,15600,3.44,4.12,17.69,13.36,3,15469,3.24,3.59,17.31,13.25,4,15508,3.34,3.85,16.78,13.07,5,15154,3.93,5.35,15.69,13.17
"2026-08-30 11:00:00",4406,0,15737,3.07,3.15,18.27,13.15,1,15183,4.01,5.54,17.88,13.1,2,15601,3.44,4.12,17.67,13.36,3,15470,3.24,3.59,17.28,13.28,4,15508,3.34,3.85,16.8,13.04,5,15154,3.93,5.35,15.66,13.17
"2026-08-30 11:15:00",4407,0,15737,3.07,3.15,18.35,13.15,1,15183,4.01,5.54,17.88,13.1,2,15602,3.44,4.12,17.67,13.36,3,15471,3.24,3.59,17.31,13.28,4,15508,3.34,3.85,16.8,13.02,5,15154,3.93,5.35,15.73,13.17
"2026-08-30 11:30:00",4408,0,15738,3.07,3.15,18.36,13.12,1,15184,4,5.54,17.84,13.04,2,15603,3.44,4.11,17.65,13.3,3,15471,3.24,3.59,17.28,13.23,4,15508,3.34,3.85,16.8,12.97,5,15155,3.93,5.35,15.7,13.12
"2026-08-30 11:45:00",4409,0,15739,3.06,3.14,18.36,13.12,1,15185,4,5.54,17.91,12.99,2,15604,3.44,4.11,17.66,13.28,3,15472,3.23,3.58,17.33,13.2,4,15510,3.34,3.85,16.8,12.97,5,15155,3.93,5.35,15.68,13.12
"2026-08-30 12:00:00",4410,0,15739,3.06,3.14,18.44,13.12,1,15186,4,5.53,17.91,13.04,2,15604,3.44,4.11,17.66,13.28,3,15473,3.23,3.58,17.27,13.17,4,15510,3.34,3.85,16.78,12.99,5,15155,3.93,5.35,15.69,13.07
"2026-08-30 12:15:00",4411,0,15740,3.06,3.14,18.52,13.12,1,15187,4,5.53,17.92,13.04,2,15604,3.44,4.11,17.67,13.28,3,15472,3.23,3.58,17.27,13.23,4,15511,3.34,3.84,16.77,13.02,5,15156,3.93,5.35,15.65,13.12
"2026-08-30 12:30:00",4412,0,15740,3.06,3.14,18.58,13.12,1,15188,4,5.53,17.91,13.04,2,15606,3.44,4.1,17.67,13.25,3,15473,3.23,3.58,17.3,13.23,4,15512,3.33,3.84,16.78,13.02,5,15156,3.93,5.35,15.69,13.12
"2026-08-30 12:45:00",4413,0,15741,3.06,3.14,18.6,13.12,1,15189,4,5.52,17.91,13.04,2,15606,3.44,4.1,17.65,13.25,3,15474,3.23,3.58,17.28,13.23,4,15512,3.33,3.84,16.8,13.02,5,15156,3.93,5.35,15.68,13.12
"2026-08-30 13:00:00",4414,0,15741,3.06,3.14,18.68,13.12,1,15190,4,5.52,17.91,13.02,2,15606,3.44,4.1,17.62,13.25,3,15474,3.23,3.58,17.28,13.17,4,15513,3.33,3.84,16.8,12.99,5,15156,3.93,5.35,15.69,13.07
"2026-08-30 13:15:00",4415,0,15741,3.06,3.14,18.76,13.12,1,15191,3.99,5.51,17.98,12.99,2,15607,3.44,4.1,17.63,13.3,3,15475,3.23,3.57,17.23,13.23,4,15514,3.33,3.83,16.78,13.02,5,15156,3.93,5.35,15.67,13.04
"2026-08-30 13:30:00",4416,0,15742,3.06,3.14,18.8,13.12,1,15191,3.99,5.51,17.98,12.99,2,15607,3.44,4.1,17.65,13.28,3,15475,3.23,3.57,17.27,13.23,4,15514,3.33,3.83,16.78,13.02,5,15157,3.93,5.34,15.66,13.07
"2026-08-30 13:45:00",4417,0,15742,3.06,3.14,18.88,13.12,1,15191,3.99,5.51,17.97,13.02,2,15608,3.43,4.1,17.65,13.3,3,15476,3.23,3.57,17.22,13.23,4,15514,3.33,3.83,16.74,13.02,5,15157,3.93,5.34,15.7,13.07
"2026-08-30 14:00:00",4418,0,15743,3.06,3.13,18.91,13.04,1,15192,3.99,5.51,18.02,12.97,2,15608,3.43,4.1,17.63,13.25,3,15476,3.23,3.57,17.24,13.2,4,15515,3.33,3.83,16.74,12.97,5,15157,3.93,5.34,15.7,13.1
"2026-08-30 14:15:00",4419,0,15743,3.06,3.13,18.92,13.04,1,15193,3.99,5.51,18.05,13.02,2,15609,3.43,4.09,17.69,13.25,3,15477,3.23,3.57,17.23,13.2,4,15515,3.33,3.83,16.75,12.94,5,15157,3.93,5.34,15.71,13.04
"2026-08-30 14:30:00",4420,0,15744,3.06,3.13,18.96,13.07,1,15193,3.99,5.51,18.06,13.02,2,15609,3.43,4.09,17.65,13.28,3,15478,3.23,3.56,17.27,13.2,4,15515,3.33,3.83,16.81,12.94,5,15158,3.92,5.34,15.73,13.1
"2026-08-30 14:45:00",4421,0,15744,3.06,3.13,19.02,13.04,1,15194,3.99,5.5,18.07,12.97,2,15610,3.43,4.09,17.68,13.23,3,15478,3.23,3.56,17.24,13.12,4,15515,3.33,3.83,16.8,12.89,5,15158,3.92,5.34,15.7,13.04
"2026-08-30 15:00:00",4422,0,15745,3.06,3.13,19.07,13.1,1,15195,3.99,5.5,18.09,13.02,2,15611,3.43,4.09,17.63,13.28,3,15479,3.23,3.56,17.26,13.2,4,15516,3.33,3.83,16.76,12.94,5,15158,3.92,5.34,15.73,13.1
"2026-08-30 15:15:00",4423,0,15746,3.06,3.13,19.15,13.1,1,15196,3.99,5.5,18.09,12.99,2,15611,3.43,4.09,17.66,13.25,3,15478,3.23,3.56,17.23,13.2,4,15516,3.33,3.83,16.78,12.99,5,15158,3.92,5.34,15.71,13.1
"2026-08-30 15:30:00",4424,0,15746,3.06,3.13,19.17,13.07,1,15197,3.99,5.49,18.14,12.99,2,15612,3.43,4.08,17.7,13.2,3,15480,3.22,3.56,17.22,13.17,4,15517,3.33,3.82,16.75,12.97,5,15159,3.92,5.34,15.73,13.07
"2026-08-30 15:45:00",4425,0,15747,3.06,3.12,19.23,13.1,1,15197,3.99,5.49,18.15,12.97,2,15612,3.43,4.08,17.66,13.25,3,15480,3.22,3.56,17.25,13.2,4,15517,3.33,3.82,16.74,12.99,5,15159,3.92,5.34,15.7,13.04
"2026-08-30 16:00:00",4426,0,15747,3.06,3.12,19.28,13.1,1,15198,3.98,5.49,18.16,12.94,2,15613,3.43,4.08,17.7,13.25,3,15480,3.22,3.56,17.23,13.15,4,15518,3.33,3.82,16.76,12.97,5,15159,3.92,5.34,15.69,13.04
"2026-08-30 16:15:00",4427,0,15746,3.06,3.13,19.34,13.12,1,15198,3.98,5.49,18.21,12.97,2,15613,3.43,4.08,17.71,13.28,3,15480,3.22,3.56,17.26,13.2,4,15518,3.33,3.82,16.74,12.99,5,15159,3.92,5.34,15.69,13.04
"2026-08-30 16:30:00",4428,0,15748,3.06,3.12,19.36,13.1,1,15199,3.98,5.49,18.24,13.02,2,15613,3.43,4.08,17.7,13.28,3,15481,3.22,3.56,17.25,13.25,4,15517,3.33,3.82,16.79,12.99,5,15160,3.92,5.33,15.66,13.04
"2026-08-30 16:45:00",4429,0,15748,3.06,3.12,19.39,13.04,1,15199,3.98,5.49,18.27,13.02,2,15613,3.43,4.08,17.71,13.25,3,15481,3.22,3.56,17.2,13.2,4,15518,3.33,3.82,16.75,12.94,5,15160,3.92,5.33,15.7,13.1
"2026-08-30 17:00:00",4430,0,15748,3.06,3.12,19.4,13.04,1,15200,3.98,5.48,18.3,13.02,2,15613,3.43,4.08,17.7,13.25,3,15481,3.22,3.56,17.25,13.2,4,15519,3.33,3.82,16.75,12.94,5,15160,3.92,5.33,15.72,13.1
"2026-08-30 17:15:00",4431,0,15748,3.06,3.12,19.5,13.07,1,15200,3.98,5.48,18.31,13.02,2,15615,3.43,4.07,17.69,13.25,3,15482,3.22,3.55,17.23,13.2,4,15520,3.32,3.81,16.79,12.91,5,15159,3.92,5.34,15.67,13.07
"2026-08-30 17:30:00",4432,0,15749,3.05,3.12,19.51,13.12,1,15201,3.98,5.48,18.35,13.04,2,15614,3.43,4.08,17.73,13.3,3,15482,3.22,3.55,17.22,13.23,4,15520,3.32,3.81,16.79,12.97,5,15160,3.92,5.33,15.7,13.1
"2026-08-30 17:45:00",4433,0,15750,3.05,3.11,19.54,13.12,1,15201,3.98,5.48,18.34,13.04,2,15614,3.43,4.08,17.72,13.28,3,15483,3.22,3.55,17.27,13.2,4,15520,3.32,3.81,16.73,13.02,5,15160,3.92,5.33,15.7,13.12
"2026-08-30 18:00:00",4434,0,15749,3.05,3.12,19.58,13.12,1,15201,3.98,5.48,18.38,13.04,2,15615,3.43,4.07,17.74,13.25,3,15483,3.22,3.55,17.23,13.2,4,15521,3.32,3.81,16.77,12.94,5,15161,3.92,5.33,15.71,13.1
"2026-08-30 18:15:00",4435,0,15749,3.05,3.12,19.55,13.17,1,15202,3.98,5.48,18.41,13.07,2,15616,3.42,4.07,17.76,13.28,3,15483,3.22,3.55,17.23,13.25,4,15522,3.32,3.81,16.75,13.02,5,15160,3.92,5.33,15.67,13.15
"2026-08-30 18:30:00",4436,0,15749,3.05,3.12,19.59,13.15,1,15202,3.98,5.48,18.41,13.07,2,15616,3.42,4.07,17.79,13.3,3,15484,3.22,3.55,17.27,13.25,4,15521,3.32,3.81,16.77,12.99,5,15160,3.92,5.33,15.68,13.15
"2026-08-30 18:45:00",4437,0,15750,3.05,3.11,19.6,13.12,1,15203,3.98,5.47,18.43,13.07,2,15618,3.42,4.07,17.77,13.28,3,15484,3.22,3.55,17.27,13.25,4,15522,3.32,3.81,16.78,13.02,5,15160,3.92,5.33,15.69,13.12
"2026-08-30 19:00:00",4438,0,15750,3.05,3.11,19.59,13.2,1,15203,3.98,5.47,18.47,13.1,2,15619,3.42,4.06,17.79,13.33,3,15484,3.22,3.55,17.26,13.28,4,15522,3.32,3.81,16.74,13.02,5,15161,3.92,5.33,15.69,13.17
"2026-08-30 19:15:00",4439,0,15750,3.05,3.11,19.62,13.17,1,15203,3.98,5.47,18.48,13.04,2,15619,3.42,4.06,17.8,13.36,3,15484,3.22,3.55,17.27,13.28,4,15522,3.32,3.81,16.75,13.07,5,15161,3.92,5.33,15.7,13.12
"2026-08-30 19:30:00",4440,0,15750,3.05,3.11,19.59,13.15,1,15203,3.98,5.47,18.55,13.04,2,15619,3.42,4.06,17.8,13.33,3,15485,3.22,3.54,17.27,13.28,4,15523,3.32,3.81,16.73,13.07,5,15161,3.92,5.33,15.7,13.12
"2026-08-30 19:45:00",4441,0,15751,3.05,3.11,19.57,13.17,1,15204,3.98,5.47,18.52,13.07,2,15619,3.42,4.06,17.83,13.38,3,15485,3.22,3.54,17.25,13.3,4,15524,3.32,3.8,16.77,13.1,5,15161,3.92,5.33,15.7,13.15
"2026-08-30 20:00:00",4442,0,15751,3.05,3.11,19.54,13.17,1,15204,3.98,5.47,18.56,13.12,2,15620,3.42,4.06,17.82,13.33,3,15485,3.22,3.54,17.27,13.3,4,15523,3.32,3.81,16.75,13.07,5,15161,3.92,5.33,15.7,13.17
"2026-08-30 20:15:00",4443,0,15751,3.05,3.11,19.51,13.25,1,15205,3.98,5.47,18.55,13.15,2,15620,3.42,4.06,17.89,13.41,3,15486,3.22,3.54,17.27,13.36,4,15524,3.32,3.8,16.75,13.07,5,15161,3.92,5.33,15.68,13.23
"2026-08-30 20:30:00",4444,0,15751,3.05,3.11,19.5,13.25,1,15205,3.98,5.47,18.59,13.15,2,15620,3.42,4.06,17.88,13.41,3,15486,3.22,3.54,17.29,13.3,4,15524,3.32,3.8,16.74,13.12,5,15162,3.92,5.33,15.68,13.23
"2026-08-30 20:45:00",4445,0,15751,3.05,3.11,19.49,13.25,1,15205,3.98,5.47,18.57,13.15,2,15620,3.42,4.06,17.84,13.38,3,15486,3.22,3.54,17.29,13.33,4,15524,3.32,3.8,16.7,13.12,5,15162,3.92,5.33,15.71,13.23
"2026-08-30 21:00:00",4446,0,15752,3.05,3.11,19.45,13.2,1,15206,3.97,5.46,18.59,13.15,2,15621,3.42,4.06,17.91,13.36,3,15486,3.22,3.54,17.31,13.33,4,15525,3.32,3.8,16.78,13.12,5,15162,3.92,5.33,15.69,13.23
"2026-08-30 21:15:00",4447,0,15752,3.05,3.11,19.42,13.25,1,15206,3.97,5.46,18.56,13.17,2,15621,3.42,4.06,17.9,13.41,3,15486,3.22,3.54,17.3,13.36,4,15525,3.32,3.8,16.74,13.12,5,15162,3.92,5.33,15.69,13.25
"2026-08-30 21:30:00",4448,0,15753,3.05,3.11,19.35,13.28,1,15206,3.97,5.46,18.59,13.15,2,15621,3.42,4.06,17.88,13.43,3,15486,3.22,3.54,17.3,13.38,4,15525,3.32,3.8,16.75,13.15,5,15162,3.92,5.33,15.69,13.2
"2026-08-30 21:45:00",4449,0,15753,3.05,3.11,19.34,13.28,1,15207,3.97,5.46,18.55,13.12,2,15622,3.42,4.05,17.92,13.43,3,15487,3.22,3.54,17.29,13.36,4,15525,3.32,3.8,16.75,13.15,5,15162,3.92,5.33,15.72,13.2
"2026-08-30 22:00:00",4450,0,15753,3.05,3.11,19.34,13.25,1,15207,3.97,5.46,18.58,13.17,2,15622,3.42,4.05,17.93,13.43,3,15487,3.22,3.54,17.32,13.36,4,15525,3.32,3.8,16.74,13.15,5,15162,3.92,5.33,15.72,13.23
"2026-08-30 22:15:00",4451,0,15754,3.05,3.1,19.28,13.25,1,15208,3.97,5.45,18.57,13.2,2,15623,3.42,4.05,17.93,13.43,3,15487,3.22,3.54,17.34,13.41,4,15526,3.32,3.8,16.76,13.17,5,15162,3.92,5.33,15.7,13.23
"2026-08-30 22:30:00",4452,0,15754,3.05,3.1,19.27,13.25,1,15208,3.97,5.45,18.57,13.2,2,15623,3.42,4.05,17.9,13.46,3,15487,3.22,3.54,17.34,13.41,4,15526,3.32,3.8,16.73,13.12,5,15163,3.92,5.32,15.68,13.28
"2026-08-30 22:45:00",4453,0,15754,3.05,3.1,19.27,13.3,1,15208,3.97,5.45,18.55,13.2,2,15623,3.42,4.05,17.94,13.46,3,15487,3.22,3.54,17.31,13.38,4,15526,3.32,3.8,16.77,13.12,5,15163,3.92,5.32,15.71,13.28
"2026-08-30 23:00:00",4454,0,15754,3.05,3.1,19.17,13.3,1,15209,3.97,5.45,18.55,13.2,2,15624,3.42,4.05,17.95,13.46,3,15487,3.22,3.54,17.34,13.41,4,15526,3.32,3.8,16.77,13.15,5,15163,3.92,5.32,15.68,13.25
"2026-08-30 23:15:00",4455,0,15754,3.05,3.1,19.16,13.3,1,15209,3.97,5.45,18.55,13.25,2,15623,3.42,4.05,17.93,13.51,3,15487,3.22,3.54,17.36,13.43,4,15527,3.32,3.79,16.78,13.23,5,15163,3.92,5.32,15.72,13.3
"2026-08-30 23:30:00",4456,0,15755,3.05,3.1,19.13,13.33,1,15210,3.97,5.45,18.54,13.25,2,15624,3.42,4.05,17.94,13.46,3,15488,3.22,3.53,17.38,13.43,4,15527,3.32,3.79,16.77,13.15,5,15163,3.92,5.32,15.71,13.3
"2026-08-30 23:45:00",4457,0,15755,3.05,3.1,19.11,13.33,1,15210,3.97,5.45,18.52,13.23,2,15625,3.41,4.05,17.94,13.46,3,15488,3.22,3.53,17.38,13.43,4,15527,3.32,3.79,16.76,13.2,5,15163,3.92,5.32,15.73,13.28
"2026-08-31 00:00:00",4458,0,15755,3.05,3.1,19.04,13.33,1,15211,3.97,5.44,18.51,13.2,2,15625,3.41,4.05,17.95,13.49,3,15488,3.22,3.53,17.35,13.43,4,15527,3.32,3.79,16.77,13.23,5,15163,3.92,5.32,15.72,13.28
"2026-08-31 00:15:00",4459,0,15756,3.05,3.1,19.03,13.33,1,15212,3.96,5.44,18.52,13.17,2,15625,3.41,4.05,17.98,13.51,3,15488,3.22,3.53,17.39,13.43,4,15527,3.32,3.79,16.8,13.2,5,15163,3.92,5.32,15.68,13.28
"2026-08-31 00:30:00",4460,0,15757,3.04,3.09,18.95,13.33,1,15212,3.96,5.44,18.48,13.28,2,15626,3.41,4.04,17.94,13.51,3,15488,3.22,3.53,17.36,13.46,4,15528,3.32,3.79,16.78,13.23,5,15164,3.92,5.32,15.7,13.36
"2026-08-31 00:45:00",4461,0,15757,3.04,3.09,18.94,13.3,1,15213,3.96,5.44,18.48,13.23,2,15626,3.41,4.04,17.95,13.51,3,15489,3.21,3.53,17.38,13.46,4,15528,3.32,3.79,16.78,13.17,5,15164,3.92,5.32,15.69,13.33
"2026-08-31 01:00:00",4462,0,15757,3.04,3.09,18.91,13.38,1,15214,3.96,5.43,18.5,13.28,2,15627,3.41,4.04,17.95,13.54,3,15489,3.21,3.53,17.39,13.46,4,15528,3.32,3.79,16.75,13.25,5,15164,3.92,5.32,15.7,13.36
"2026-08-31 01:15:00",4463,0,15757,3.04,3.09,18.89,13.36,1,15214,3.96,5.43,18.45,13.25,2,15627,3.41,4.04,17.95,13.54,3,15488,3.22,3.53,17.39,13.46,4,15528,3.32,3.79,16.77,13.2,5,15164,3.92,5.32,15.64,13.28
"2026-08-31 01:30:00",4464,0,15757,3.04,3.09,18.84,13.36,1,15215,3.96,5.43,18.43,13.3,2,15627,3.41,4.04,17.95,13.54,3,15489,3.21,3.53,17.38,13.49,4,15529,3.31,3.79,16.77,13.28,5,15164,3.92,5.32,15.73,13.38
"2026-08-31 01:45:00",4465,0,15758,3.04,3.09,18.84,13.41,1,15215,3.96,5.43,18.41,13.3,2,15627,3.41,4.04,17.98,13.54,3,15489,3.21,3.53,17.35,13.51,4,15529,3.31,3.79,16.84,13.25,5,15164,3.92,5.32,15.7,13.38
"2026-08-31 02:00:00",4466,0,15758,3.04,3.09,18.77,13.43,1,15216,3.96,5.43,18.41,13.3,2,15627,3.41,4.04,17.95,13.62,3,15489,3.21,3.53,17.4,13.49,4,15530,3.31,3.78,16.78,13.3,5,15165,3.91,5.31,15.7,13.41
"2026-08-31 02:15:00",4467,0,15758,3.04,3.09,18.73,13.46,1,15216,3.96,5.43,18.43,13.3,2,15627,3.41,4.04,17.97,13.62,3,15489,3.21,3.53,17.41,13.54,4,15530,3.31,3.78,16.81,13.33,5,15165,3.91,5.31,15.72,13.38
"2026-08-31 02:30:00",4468,0,15759,3.04,3.09,18.69,13.43,1,15217,3.96,5.42,18.38,13.38,2,15627,3.41,4.04,17.94,13.62,3,15490,3.21,3.53,17.39,13.56,4,15530,3.31,3.78,16.8,13.36,5,15165,3.91,5.31,15.73,13.41
"2026-08-31 02:45:00",4469,0,15759,3.04,3.09,18.6,13.46,1,15218,3.96,5.42,18.35,13.41,2,15628,3.41,4.03,17.96,13.64,3,15490,3.21,3.53,17.38,13.59,4,15530,3.31,3.78,16.8,13.33,5,15165,3.91,5.31,15.68,13.46
"2026-08-31 03:00:00",4470,0,15760,3.04,3.09,18.6,13.51,1,15218,3.96,5.42,18.36,13.41,2,15629,3.41,4.03,17.92,13.67,3,15490,3.21,3.53,17.35,13.59,4,15531,3.31,3.78,16.79,13.33,5,15165,3.91,5.31,15.72,13.49
"2026-08-31 03:15:00",4471,0,15760,3.04,3.09,18.58,13.49,1,15219,3.96,5.42,18.34,13.38,2,15629,3.41,4.03,17.92,13.64,3,15490,3.21,3.53,17.38,13.59,4,15530,3.31,3.78,16.78,13.38,5,15165,3.91,5.31,15.73,13.49
"2026-08-31 03:30:00",4472,0,15761,3.04,3.08,18.5,13.54,1,15219,3.96,5.42,18.27,13.43,2,15630,3.41,4.03,17.93,13.67,3,15490,3.21,3.53,17.37,13.64,4,15530,3.31,3.78,16.8,13.41,5,15166,3.91,5.31,15.73,13.51
"2026-08-31 03:45:00",4473,0,15761,3.04,3.08,18.44,13.49,1,15220,3.95,5.41,18.29,13.38,2,15630,3.41,4.03,17.92,13.69,3,15491,3.21,3.53,17.4,13.64,4,15530,3.31,3.78,16.84,13.41,5,15166,3.91,5.31,15.72,13.46
"2026-08-31 04:00:00",4474,0,15762,3.04,3.08,18.37,13.54,1,15220,3.95,5.41,18.24,13.46,2,15630,3.41,4.03,17.93,13.72,3,15491,3.21,3.53,17.41,13.67,4,15531,3.31,3.78,16.8,13.38,5,15166,3.91,5.31,15.73,13.54
"2026-08-31 04:15:00",4475,0,15761,3.04,3.08,18.36,13.51,1,15221,3.95,5.41,18.23,13.46,2,15631,3.41,4.02,17.92,13.72,3,15491,3.21,3.53,17.41,13.67,4,15530,3.31,3.78,16.82,13.38,5,15166,3.91,5.31,15.75,13.54
"2026-08-31 04:30:00",4476,0,15762,3.04,3.08,18.23,13.56,1,15222,3.95,5.41,18.2,13.46,2,15632,3.4,4.02,17.91,13.72,3,15492,3.21,3.52,17.41,13.62,4,15530,3.31,3.78,16.79,13.41,5,15166,3.91,5.31,15.74,13.54
"2026-08-31 04:45:00",4477,0,15763,3.04,3.08,18.23,13.56,1,15221,3.95,5.41,18.18,13.46,2,15633,3.4,4.02,17.9,13.75,3,15492,3.21,3.52,17.38,13.64,4,15530,3.31,3.78,16.83,13.43,5,15166,3.91,5.31,15.74,13.54
"2026-08-31 05:00:00",4478,0,15764,3.04,3.08,18.16,13.56,1,15223,3.95,5.4,18.15,13.46,2,15633,3.4,4.02,17.88,13.72,3,15492,3.21,3.52,17.38,13.67,4,15530,3.31,3.78,16.84,13.43,5,15166,3.91,5.31,15.72,13.54
"2026-08-31 05:15:00",4479,0,15764,3.04,3.08,18.09,13.54,1,15222,3.95,5.41,18.13,13.41,2,15634,3.4,4.02,17.88,13.72,3,15493,3.21,3.52,17.38,13.67,4,15531,3.31,3.78,16.8,13.43,5,15166,3.91,5.31,15.71,13.49
"2026-08-31 05:30:00",4480,0,15763,3.04,3.08,18.05,13.56,1,15223,3.95,5.4,18.11,13.43,2,15635,3.4,4.01,17.85,13.72,3,15493,3.21,3.52,17.4,13.64,4,15530,3.31,3.78,16.8,13.43,5,15166,3.91,5.31,15.7,13.51
"2026-08-31 05:45:00",4481,0,15763,3.04,3.08,18.03,13.51,1,15224,3.95,5.4,18.11,13.43,2,15635,3.4,4.01,17.86,13.75,3,15493,3.21,3.52,17.38,13.67,4,15531,3.31,3.78,16.79,13.38,5,15166,3.91,5.31,15.7,13.54
"2026-08-31 06:00:00",4482,0,15763,3.04,3.08,18,13.56,1,15224,3.95,5.4,18.05,13.46,2,15636,3.4,4.01,17.87,13.72,3,15494,3.21,3.52,17.38,13.67,4,15531,3.31,3.78,16.83,13.43,5,15167,3.91,5.31,15.71,13.54
"2026-08-31 06:15:00",4483,0,15763,3.04,3.08,17.92,13.56,1,15225,3.95,5.39,18.02,13.46,2,15637,3.4,4.01,17.8,13.75,3,15494,3.21,3.52,17.38,13.64,4,15531,3.31,3.78,16.8,13.43,5,15167,3.91,5.31,15.7,13.54
"2026-08-31 06:30:00",4484,0,15764,3.04,3.08,17.91,13.56,1,15225,3.95,5.39,17.98,13.46,2,15637,3.4,4.01,17.8,13.72,3,15494,3.21,3.52,17.37,13.62,4,15531,3.31,3.78,16.79,13.43,5,15167,3.91,5.31,15.75,13.54
"2026-08-31 06:45:00",4485,0,15764,3.04,3.08,17.81,13.56,1,15226,3.94,5.39,17.98,13.43,2,15638,3.4,4,17.79,13.72,3,15495,3.21,3.51,17.41,13.67,4,15531,3.31,3.78,16.82,13.43,5,15167,3.91,5.31,15.73,13.51
"2026-08-31 07:00:00",4486,0,15764,3.04,3.08,17.8,13.56,1,15226,3.94,5.39,17.95,13.43,2,15639,3.4,4,17.79,13.75,3,15495,3.21,3.51,17.38,13.64,4,15531,3.31,3.78,16.8,13.43,5,15167,3.91,5.31,15.71,13.49
"2026-08-31 07:15:00",4487,0,15764,3.04,3.08,17.78,13.51,1,15227,3.94,5.39,17.93,13.46,2,15640,3.4,4,17.8,13.75,3,15496,3.21,3.51,17.37,13.67,4,15531,3.31,3.78,16.81,13.43,5,15167,3.91,5.31,15.7,13.56
"2026-08-31 07:30:00",4488,0,15763,3.04,3.08,17.76,13.49,1,15227,3.94,5.39,17.88,13.43,2,15641,3.39,4,17.78,13.72,3,15495,3.21,3.51,17.4,13.64,4,15530,3.31,3.78,16.85,13.36,5,15167,3.91,5.31,15.71,13.51
"2026-08-31 07:45:00",4489,0,15764,3.04,3.08,17.73,13.54,1,15227,3.94,5.39,17.85,13.43,2,15642,3.39,3.99,17.75,13.69,3,15496,3.21,3.51,17.35,13.62,4,15530,3.31,3.78,16.84,13.38,5,15167,3.91,5.31,15.7,13.51
"2026-08-31 08:00:00",4490,0,15763,3.04,3.08,17.73,13.54,1,15228,3.94,5.38,17.84,13.41,2,15643,3.39,3.99,17.78,13.69,3,15497,3.2,3.51,17.34,13.62,4,15530,3.31,3.78,16.85,13.41,5,15166,3.91,5.31,15.7,13.51
"2026-08-31 08:15:00",4491,0,15763,3.04,3.08,17.67,13.54,1,15228,3.94,5.38,17.82,13.43,2,15643,3.39,3.99,17.73,13.67,3,15496,3.21,3.51,17.34,13.64,4,15531,3.31,3.78,16.83,13.41,5,15168,3.91,5.3,15.68,13.49
"2026-08-31 08:30:00",4492,0,15763,3.04,3.08,17.66,13.54,1,15229,3.94,5.38,17.77,13.41,2,15643,3.39,3.99,17.73,13.69,3,15497,3.2,3.51,17.37,13.64,4,15531,3.31,3.78,16.8,13.41,5,15167,3.91,5.31,15.72,13.49
"2026-08-31 08:45:00",4493,0,15764,3.04,3.08,17.63,13.54,1,15229,3.94,5.38,17.77,13.38,2,15644,3.39,3.98,17.68,13.69,3,15497,3.2,3.51,17.32,13.62,4,15530,3.31,3.78,16.83,13.41,5,15168,3.91,5.3,15.72,13.51
"2026-08-31 09:00:00",4494,0,15763,3.04,3.08,17.63,13.46,1,15228,3.94,5.38,17.75,13.36,2,15645,3.39,3.98,17.68,13.67,3,15498,3.2,3.5,17.33,13.62,4,15531,3.31,3.78,16.8,13.38,5,15168,3.91,5.3,15.7,13.43
"2026-08-31 09:15:00",4495,0,15763,3.04,3.08,17.62,13.43,1,15229,3.94,5.38,17.74,13.38,2,15646,3.39,3.98,17.66,13.64,3,15498,3.2,3.5,17.34,13.56,4,15529,3.31,3.79,16.85,13.3,5,15167,3.91,5.31,15.7,13.46
"2026-08-31 09:30:00",4496,0,15763,3.04,3.08,17.61,13.38,1,15230,3.94,5.38,17.73,13.3,2,15647,3.39,3.98,17.69,13.56,3,15498,3.2,3.5,17.33,13.51,4,15529,3.31,3.79,16.84,13.23,5,15168,3.91,5.3,15.7,13.38
"2026-08-31 09:45:00",4497,0,15764,3.04,3.08,17.59,13.36,1,15231,3.94,5.37,17.72,13.28,2,15648,3.39,3.97,17.66,13.54,3,15498,3.2,3.5,17.35,13.43,4,15530,3.31,3.78,16.8,13.2,5,15168,3.91,5.3,15.73,13.36
"2026-08-31 10:00:00",4498,0,15764,3.04,3.08,17.63,13.33,1,15232,3.94,5.37,17.65,13.25,2,15649,3.38,3.97,17.65,13.49,3,15499,3.2,3.5,17.31,13.41,4,15530,3.31,3.78,16.83,13.2,5,15167,3.91,5.31,15.71,13.33
"2026-08-31 10:15:00",4499,0,15765,3.04,3.07,17.63,13.3,1,15234,3.93,5.36,17.66,13.17,2,15649,3.38,3.97,17.61,13.46,3,15499,3.2,3.5,17.34,13.38,4,15529,3.31,3.79,16.8,13.17,5,15168,3.91,5.3,15.71,13.28
"2026-08-31 10:30:00",4500,0,15766,3.04,3.07,17.71,13.28,1,15236,3.93,5.36,17.66,13.17,2,15650,3.38,3.97,17.6,13.41,3,15500,3.2,3.5,17.28,13.38,4,15529,3.31,3.79,16.81,13.15,5,15168,3.91,5.3,15.71,13.23
"2026-08-31 10:45:00",4501,0,15767,3.03,3.07,17.72,13.2,1,15237,3.93,5.35,17.62,13.12,2,15650,3.38,3.97,17.59,13.33,3,15500,3.2,3.5,17.3,13.3,4,15530,3.31,3.78,16.77,13.1,5,15169,3.91,5.3,15.73,13.2
"2026-08-31 11:00:00",4502,0,15768,3.03,3.06,17.79,13.23,1,15237,3.93,5.35,17.61,13.12,2,15651,3.38,3.96,17.65,13.33,3,15501,3.2,3.5,17.31,13.28,4,15529,3.31,3.79,16.82,13.04,5,15168,3.91,5.3,15.7,13.15
"2026-08-31 11:15:00",4503,0,15769,3.03,3.06,17.85,13.2,1,15238,3.93,5.35,17.64,13.04,2,15652,3.38,3.96,17.6,13.36,3,15501,3.2,3.5,17.27,13.28,4,15530,3.31,3.78,16.82,13.07,5,15169,3.91,5.3,15.7,13.12
"2026-08-31 11:30:00",4504,0,15770,3.03,3.06,17.94,13.12,1,15240,3.93,5.34,17.68,12.99,2,15653,3.38,3.96,17.54,13.28,3,15502,3.2,3.49,17.27,13.2,4,15530,3.31,3.78,16.79,13.02,5,15169,3.91,5.3,15.71,13.12
"2026-08-31 11:45:00",4505,0,15771,3.03,3.05,18.05,13.12,1,15241,3.92,5.34,17.6,12.99,2,15654,3.38,3.96,17.56,13.3,3,15503,3.2,3.49,17.26,13.23,4,15530,3.31,3.78,16.8,13.02,5,15169,3.91,5.3,15.66,13.1
"2026-08-31 12:00:00",4506,0,15772,3.03,3.05,18.16,13.1,1,15243,3.92,5.33,17.64,13.04,2,15655,3.38,3.95,17.56,13.3,3,15503,3.2,3.49,17.27,13.23,4,15531,3.31,3.78,16.8,13.02,5,15169,3.91,5.3,15.7,13.12
"2026-08-31 12:15:00",4507,0,15773,3.03,3.05,18.28,13.04,1,15244,3.92,5.33,17.66,13.02,2,15656,3.38,3.95,17.53,13.25,3,15504,3.2,3.49,17.26,13.17,4,15531,3.31,3.78,16.79,12.99,5,15170,3.91,5.3,15.7,13.04
"2026-08-31 12:30:00",4508,0,15773,3.03,3.05,18.38,13.02,1,15245,3.92,5.32,17.68,12.94,2,15656,3.38,3.95,17.53,13.23,3,15504,3.2,3.49,17.23,13.15,4,15531,3.31,3.78,16.8,12.89,5,15170,3.91,5.3,15.7,13.04
"2026-08-31 12:45:00",4509,0,15774,3.03,3.05,18.52,13.07,1,15245,3.92,5.32,17.7,12.99,2,15657,3.37,3.94,17.55,13.25,3,15505,3.2,3.48,17.23,13.15,4,15531,3.31,3.78,16.78,12.89,5,15170,3.91,5.3,15.67,13.02
"2026-08-31 13:00:00",4510,0,15774,3.03,3.05,18.63,13.04,1,15246,3.92,5.32,17.73,12.94,2,15658,3.37,3.94,17.52,13.2,3,15506,3.19,3.48,17.25,13.15,4,15531,3.31,3.78,16.77,12.94,5,15171,3.91,5.29,15.72,12.99
"2026-08-31 13:15:00",4511,0,15773,3.03,3.05,18.75,13.02,1,15246,3.92,5.32,17.75,12.91,2,15658,3.37,3.94,17.54,13.17,3,15506,3.19,3.48,17.21,13.07,4,15532,3.31,3.78,16.76,12.89,5,15171,3.91,5.29,15.68,12.99
"2026-08-31 13:30:00",4512,0,15773,3.03,3.05,18.92,13.02,1,15247,3.92,5.32,17.77,12.94,2,15659,3.37,3.94,17.51,13.15,3,15507,3.19,3.48,17.22,13.12,4,15534,3.31,3.77,16.79,12.91,5,15171,3.91,5.29,15.72,13.04
"2026-08-31 13:30:00",4513,0,15773,3.03,3.05,19.05,13.02,1,15248,3.91,5.31,17.84,12.91,2,15660,3.37,3.94,17.53,13.2,3,15508,3.19,3.47,17.24,13.15,4,15533,3.31,3.77,16.83,12.91,5,15171,3.91,5.29,15.77,12.97
"2026-08-31 13:45:00",4514,0,15772,3.03,3.05,19.21,13.04,1,15249,3.91,5.31,17.89,12.89,2,15660,3.37,3.94,17.53,13.2,3,15508,3.19,3.47,17.23,13.15,4,15534,3.31,3.77,16.8,12.89,5,15172,3.91,5.29,15.72,12.97
