"TOA5","CR1000_Gülpe_CELL2015","CR1000","E10832","CR1000.Std.29","CPU:guelpe_juli26_upload_SDI12auf3.CR1","45240","Strahlung"
"TIMESTAMP","RECORD","SUp_Avg","SDn_Avg","LUp_Avg","LDn_Avg","CNR4TC_Avg","CNR4TK_Avg","RsNet_Avg","RlNet_Avg","Albedo_Avg","Rn_Avg","LUpCo_Avg","LDnCo_Avg"
"TS","RN","W/mÃ‚Â²","W/mÃ‚Â²","W/mÃ‚Â²","W/mÃ‚Â²","Deg C","K","W/mÃ‚Â²","W/mÃ‚Â²","W/mÃ‚Â²","W/mÃ‚Â²","W/mÃ‚Â²","W/mÃ‚Â²"
"","","Avg","Avg","Avg","Avg","Avg","Avg","Avg","Avg","Avg","Avg","Avg","Avg"
"2026-08-30 00:00:00",3271,-0.309,1.573,-30.92,-6.638,16.72,289.9,-1.882,-24.28,"NAN",-26.16,369.4,393.7
"2026-08-30 00:20:00",3272,0.303,2.951,-35.62,-6.915,17.66,290.8,-2.648,-28.7,"NAN",-31.35,369.9,398.6
"2026-08-30 00:40:00",3273,0.605,2.698,-25.95,-5.907,19.51,292.7,-2.093,-20.05,"NAN",-22.14,390,410.1
"2026-08-30 01:00:00",3274,-0.987,0.953,-30.8,-7.354,20.24,293.4,-1.94,-23.44,-1.067,-25.38,389.3,412.8
"2026-08-30 01:20:00",3275,-1.326,0.704,-31.99,-7.307,20.21,293.4,-2.03,-24.68,-0.616,-26.71,388,412.7
"2026-08-30 01:40:00",3276,-1.293,0.513,-29.28,-7.041,20.18,293.3,-1.806,-22.24,-0.41,-24.04,390.5,412.7
"2026-08-30 02:00:00",3277,-1.532,-0.11,-24.86,-6.879,19.8,293,-1.422,-17.98,0.058,-19.4,392.8,410.7
"2026-08-30 02:20:00",3278,-0.841,0.755,-22.8,-4.77,19.54,292.7,-1.596,-18.04,-1.195,-19.63,393.3,411.4
"2026-08-30 02:40:00",3279,-3.499,0.513,-26.59,-7.06,19.11,292.3,-4.012,-19.53,-0.188,-23.54,387.1,406.6
"2026-08-30 03:00:00",3280,-1.552,0.084,-26.25,-6.533,18.36,291.5,-1.636,-19.71,-0.131,-21.35,383.2,402.9
"2026-08-30 03:20:00",3281,-1.891,0.88,-15.47,-4.123,18.16,291.3,-2.77,-11.35,-1.058,-14.12,392.9,404.2
"2026-08-30 03:40:00",3282,-4.356,3.006,-5.409,-1.648,16.96,290.1,-7.362,-3.761,-0.797,-11.12,396.2,400
"2026-08-30 04:00:00",3283,-1.702,1.954,-4.384,-0.335,16.38,289.5,-3.655,-4.049,-1.149,-7.704,394.1,398.1
"2026-08-30 04:20:00",3284,-0.937,1.243,-6.401,-0.219,16.17,289.3,-2.18,-6.181,-1.371,-8.36,390.9,397.1
"2026-08-30 04:40:00",3285,-0.954,1.188,-15.77,-0.828,16.06,289.2,-2.142,-14.94,-1.339,-17.08,380.9,395.9
"2026-08-30 05:00:00",3286,-0.874,1.397,-18.58,-1.278,15.93,289.1,-2.271,-17.3,-1.851,-19.57,377.4,394.7
"2026-08-30 05:20:00",3287,-0.392,1.576,-11.96,-0.57,16.07,289.2,-1.969,-11.39,-4.757,-13.36,384.8,396.2
"2026-08-30 05:40:00",3288,-1.127,2.207,-28.87,-1.714,16.14,289.3,-3.334,-27.15,-2.549,-30.49,368.3,395.4
"2026-08-30 06:00:00",3289,-2.034,2.046,-46.83,-4.278,15.76,288.9,-4.08,-42.55,-1.011,-46.63,348.2,390.8
"2026-08-30 06:20:00",3290,-1.539,2.412,-53.53,-4.725,15.37,288.5,-3.951,-48.81,-1.948,-52.76,339.4,388.2
"2026-08-30 06:40:00",3291,1.851,3.226,-56.46,-4.486,15.45,288.6,-1.375,-51.98,"INF",-53.35,336.9,388.9
"2026-08-30 07:00:00",3292,11.38,3.49,-53.67,-4.713,15.06,288.2,7.89,-48.96,0.331,-41.07,337.5,386.5
"2026-08-30 07:20:00",3293,68.77,19.89,-24.45,-0.015,15.5,288.7,48.88,-24.43,0.29,24.45,369.2,393.6
"2026-08-30 07:40:00",3294,38.86,8.84,-12.28,-0.433,17,290.2,30.02,-11.85,0.227,18.18,389.6,401.4
"2026-08-30 08:00:00",3295,58.06,11.4,-12.83,-0.92,17.52,290.7,46.66,-11.91,0.197,34.75,391.9,403.8
"2026-08-30 08:20:00",3296,97.9,17.51,-31.71,-2.191,18.24,291.4,80.4,-29.52,0.179,50.84,377.1,406.6
"2026-08-30 08:40:00",3297,180.8,32.94,-26.75,-0.647,19.52,292.7,147.8,-26.11,0.178,121.7,389.2,415.3
"2026-08-30 09:00:00",3298,144.7,22.92,-47.53,-2.703,19.78,292.9,121.8,-44.83,0.158,76.99,370,414.8
"2026-08-30 09:20:00",3299,348,65.25,-78.28,3.965,20.85,294,282.8,-82.2,0.187,200.5,345.3,427.6
"2026-08-30 09:40:00",3300,423.1,78.01,-85.1,2.521,22.86,296,345.1,-87.7,0.184,257.4,350.2,437.9
"2026-08-30 10:00:00",3301,510.4,93.7,-69.83,3.865,23.98,297.1,416.6,-73.69,0.183,342.9,372.2,445.8
"2026-08-30 10:20:00",3302,250.8,42.33,-38.35,-1.84,23.84,297,208.4,-36.51,0.166,171.9,402.8,439.3
"2026-08-30 10:40:00",3303,282.1,48.32,-46.35,1.032,23.37,296.5,233.8,-47.38,0.165,186.4,391.9,439.3
"2026-08-30 11:00:00",3304,276.8,47.35,-64.24,0.312,22.82,296,229.5,-64.55,0.161,164.9,370.8,435.4
"2026-08-30 11:20:00",3305,534.8,95.5,-81.8,13.75,24.37,297.5,439.3,-95.6,0.175,343.7,362.4,458
"2026-08-30 11:40:00",3306,587.8,104.8,-66.44,14.92,25.96,299.1,483,-81.4,0.174,401.6,387.4,468.8
"2026-08-30 12:00:00",3307,430.3,74.65,-44.26,11.55,25.06,298.2,355.6,-55.81,0.172,299.8,404.1,460
"2026-08-30 12:20:00",3308,372.9,64.08,-41,10.7,25.18,298.3,308.8,-51.7,0.171,257.1,408.1,459.8
"2026-08-30 12:40:00",3309,353.5,61.63,-37.1,11.02,24.82,298,291.9,-48.12,0.174,243.7,409.9,458
"2026-08-30 13:00:00",3310,328.6,56.53,-37.48,11.36,24.95,298.1,272,-48.85,0.172,223.2,410.3,459.1
"2026-08-30 13:20:00",3311,288.7,49.48,-35.19,10.31,24.71,297.9,239.2,-45.51,0.171,193.7,411.1,456.6
"2026-08-30 13:40:00",3312,380.7,66.64,-42,17.06,25.04,298.2,314,-59.06,0.175,255,406.3,465.3
"2026-08-30 14:00:00",3313,341.5,58.93,-37.27,11.92,25.12,298.3,282.6,-49.19,0.173,233.4,411.5,460.7
"2026-08-30 14:20:00",3314,403.1,69.81,-46.77,18.26,25.03,298.2,333.2,-65.03,0.173,268.2,401.5,466.5
"2026-08-30 14:40:00",3315,570,101.8,-57.13,27.9,26.2,299.3,468.2,-85,0.176,383.2,398.2,483.2
"2026-08-30 15:00:00",3316,261.1,42.91,-37.84,11.66,25.2,298.3,218.2,-49.5,0.164,168.7,411.4,460.9
"2026-08-30 15:20:00",3317,273.6,46.85,-35.6,13.8,24.52,297.7,226.8,-49.4,0.171,177.4,409.6,459
"2026-08-30 15:40:00",3318,321.1,55.32,-35.77,15.7,24.62,297.8,265.8,-51.48,0.172,214.3,410,461.5
"2026-08-30 16:00:00",3319,251.9,42.5,-35.37,12.94,24.65,297.8,209.4,-48.32,0.168,161.1,410.6,458.9
"2026-08-30 16:20:00",3320,250.6,44.13,-34.36,13.51,24.13,297.3,206.5,-47.87,0.175,158.6,408.5,456.3
"2026-08-30 16:40:00",3321,490.1,88.4,-55.84,24.39,25.9,299.1,401.7,-80.2,0.178,321.5,397.7,477.9
"2026-08-30 17:00:00",3322,217.5,35.75,-39.37,10.52,24.99,298.1,181.7,-49.89,0.165,131.8,408.6,458.5
"2026-08-30 17:20:00",3323,170.3,28.94,-34.12,8.18,24.33,297.5,141.4,-42.3,0.17,99.1,409.9,452.2
"2026-08-30 17:40:00",3324,135.8,22.98,-33.14,5.691,24.14,297.3,112.9,-38.83,0.169,74.03,409.7,448.6
"2026-08-30 18:00:00",3325,109.1,18.37,-31.5,3.477,23.62,296.8,90.7,-34.97,0.168,55.75,408.3,443.3
"2026-08-30 18:20:00",3326,86,14.65,-30.33,2.364,23.26,296.4,71.35,-32.7,0.17,38.65,407.3,440
"2026-08-30 18:40:00",3327,78.4,13.42,-31.5,1.767,23.11,296.3,64.98,-33.27,0.171,31.71,405.3,438.5
"2026-08-30 19:00:00",3328,55.88,9.2,-34.53,-0.67,22.67,295.8,46.68,-33.86,0.165,12.82,399.6,433.5
"2026-08-30 19:20:00",3329,32.57,5.319,-34.14,-1.929,22.1,295.3,27.26,-32.21,0.164,-4.956,396.8,429
"2026-08-30 19:40:00",3330,19.27,3.226,-26.13,-2.333,21.79,294.9,16.04,-23.8,0.168,-7.753,402.9,426.7
"2026-08-30 20:00:00",3331,12.09,2.397,-24.94,-2.591,21.5,294.7,9.69,-22.35,0.2,-12.66,402.4,424.8
"2026-08-30 20:20:00",3332,3.938,1.103,-24.8,-3.873,21.22,294.4,2.835,-20.92,0.484,-18.09,401,421.9
"2026-08-30 20:40:00",3333,-0.568,0.447,-22.28,-4.701,20.87,294,-1.015,-17.58,"NAN",-18.59,401.4,419
"2026-08-30 21:00:00",3334,-1.196,0.473,-22.32,-5.621,20.57,293.7,-1.669,-16.7,-0.416,-18.37,399.7,416.4
"2026-08-30 21:20:00",3335,-0.984,0.524,-21.12,-5.802,20.28,293.4,-1.508,-15.32,-0.578,-16.83,399.2,414.5
"2026-08-30 21:40:00",3336,-0.508,1.059,-20.5,-5.537,20.04,293.2,-1.568,-14.96,-3.171,-16.53,398.5,413.4
"2026-08-30 22:00:00",3337,-0.764,0.693,-20.59,-6.411,20.02,293.2,-1.457,-14.18,-0.993,-15.63,398.2,412.4
"2026-08-30 22:20:00",3338,-1.276,0.836,-30.01,-9.33,19.68,292.8,-2.112,-20.68,-0.766,-22.8,386.9,407.6
"2026-08-30 22:40:00",3339,-0.774,0.7,-21.87,-7.577,19.37,292.5,-1.474,-14.29,-0.994,-15.77,393.3,407.6
"2026-08-30 23:00:00",3340,-0.728,0.44,-20.49,-6.438,19.21,292.4,-1.168,-14.05,-0.848,-15.22,393.8,407.8
"2026-08-30 23:20:00",3341,-1.668,0.74,-38.82,-8.71,18.81,292,-2.409,-30.12,-0.669,-32.53,373.2,403.3
"2026-08-30 23:40:00",3342,-1.147,1.646,-35.34,-8.13,18.77,291.9,-2.792,-27.21,-2.246,-30,376.4,403.6
"2026-08-31 00:00:00",3343,-0.312,0.968,-16.29,-5.271,18.76,291.9,-1.28,-11.02,"NAN",-12.3,395.4,406.4
"2026-08-31 00:20:00",3344,-1.284,0.101,-27.16,-8.26,18.65,291.8,-1.384,-18.9,-0.168,-20.29,383.9,402.8
"2026-08-31 00:40:00",3345,-0.545,0.451,-19.31,-6.087,18.24,291.4,-0.996,-13.23,"NAN",-14.22,389.5,402.7
"2026-08-31 01:00:00",3346,-0.668,1.023,-27.6,-7.824,18.3,291.5,-1.691,-19.78,-1.78,-21.47,381.5,401.3
"2026-08-31 01:20:00",3347,-2.237,0.136,-50.84,-16.41,17.74,290.9,-2.372,-34.43,-0.124,-36.8,355.1,389.6
"2026-08-31 01:40:00",3348,-2.542,-0.891,-44.59,-15.76,16.35,289.5,-1.652,-28.83,0.174,-30.49,353.7,382.5
"2026-08-31 02:00:00",3349,-1.845,0.678,-55.73,-17.24,15.82,289,-2.523,-38.5,-2.224,-41.02,339.6,378.1
"2026-08-31 02:20:00",3350,-2.869,-0.29,-51.85,-13.13,14.58,287.7,-2.579,-38.72,0.087,-41.3,336.8,375.5
"2026-08-31 02:40:00",3351,-1.502,0.891,-50.26,-13.96,13.74,286.9,-2.393,-36.3,-0.797,-38.7,333.8,370.1
"2026-08-31 03:00:00",3352,-0.525,1.393,-48.89,-14.56,13.27,286.4,-1.918,-34.33,"NAN",-36.25,332.7,367
"2026-08-31 03:20:00",3353,-0.957,1.404,-50.54,-12.43,13.14,286.3,-2.362,-38.11,"NAN",-40.47,330.4,368.5
"2026-08-31 03:40:00",3354,-1.645,0.759,-40.93,-7.899,12.5,285.7,-2.404,-33.03,-0.798,-35.43,336.6,369.6
"2026-08-31 04:00:00",3355,-0.868,1.379,-37.42,-6.874,12.46,285.6,-2.246,-30.54,-1.719,-32.79,339.9,370.4
"2026-08-31 04:20:00",3356,-0.389,1.687,-31.14,-5.261,12.53,285.7,-2.075,-25.88,"NAN",-27.95,346.5,372.4
"2026-08-31 04:40:00",3357,0.605,2.215,-24.96,-4.375,12.95,286.1,-1.61,-20.58,"NAN",-22.19,354.9,375.5
"2026-08-31 05:00:00",3358,-0.499,0.704,-22.62,-4.494,13.4,286.6,-1.203,-18.12,"INF",-19.33,359.7,377.8
"2026-08-31 05:20:00",3359,-0.106,0.51,-12.82,-2.392,13.05,286.2,-0.616,-10.42,"NAN",-11.04,367.6,378
"2026-08-31 05:40:00",3360,0.143,1.397,-21.96,-3.793,13.27,286.4,-1.254,-18.16,"NAN",-19.42,359.7,377.8
"2026-08-31 06:00:00",3361,0.007,1.206,-21.63,-4.09,13.31,286.5,-1.2,-17.54,"NAN",-18.74,360.2,377.7
"2026-08-31 06:20:00",3362,0.376,1.404,-18.91,-4.19,13.43,286.6,-1.029,-14.72,"NAN",-15.75,363.6,378.3
"2026-08-31 06:40:00",3363,1.861,1.921,-15.13,-2.892,13.74,286.9,-0.06,-12.24,1.208,-12.3,369,381.2
"2026-08-31 07:00:00",3364,3.111,2.105,-13.79,-2.18,14.16,287.3,1.007,-11.61,0.683,-10.6,372.6,384.2
"2026-08-31 07:20:00",3365,8.56,2.856,-15.74,-2.334,14.78,287.9,5.706,-13.41,0.392,-7.701,373.9,387.3
"2026-08-31 07:40:00",3366,11.33,3.072,-15.16,-1.926,14.99,288.1,8.26,-13.24,0.293,-4.977,375.7,388.9
"2026-08-31 08:00:00",3367,11.22,3.344,-12.88,-1.864,15.17,288.3,7.871,-11.02,0.309,-3.147,378.9,389.9
"2026-08-31 08:20:00",3368,24.78,5.599,-13.3,0.612,14.91,288.1,19.18,-13.91,0.229,5.276,377.1,391
"2026-08-31 08:40:00",3369,35.87,7.237,-25.75,-0.092,15.15,288.3,28.63,-25.66,0.206,2.976,366,391.6
"2026-08-31 09:00:00",3370,113.5,21.65,-50.41,1.429,16.05,289.2,91.8,-51.84,0.187,39.96,346.2,398.1
"2026-08-31 09:20:00",3371,343.5,68.51,-59.98,11.64,18.35,291.5,275,-71.62,0.196,203.4,349.5,421.1
"2026-08-31 09:40:00",3372,425.1,81.4,-51.19,10.84,20.77,293.9,343.7,-62.02,0.188,281.6,372,434
"2026-08-31 10:00:00",3373,333,61.01,-53.02,10.31,20.9,294,271.9,-63.33,0.178,208.6,370.9,434.2
"2026-08-31 10:20:00",3374,466.5,86.8,-54.67,20.7,22.59,295.7,379.7,-75.36,0.181,304.3,379.1,454.5
"2026-08-31 10:40:00",3375,654,121.8,-65.88,29.52,23.84,297,532.2,-95.4,0.186,436.8,375.2,470.6
"2026-08-31 11:00:00",3376,591.7,107.4,-89.2,26.8,24.42,297.6,484.2,-116,0.181,368.2,355.4,471.4
"2026-08-31 11:20:00",3377,614.8,111.7,-91.7,33.17,25.03,298.2,503.1,-124.9,0.181,378.3,356.6,481.4
"2026-08-31 11:40:00",3378,645.2,115.9,-87,34.85,26.03,299.2,529.3,-121.8,0.179,407.5,367.3,489.1
"2026-08-31 12:00:00",3379,605.8,108.7,-77.19,32.63,25.47,298.6,497.2,-109.8,0.177,387.4,373.7,483.5
"2026-08-31 12:20:00",3380,764.5,139.9,-83.2,46.21,26.99,300.1,624.7,-129.4,0.182,495.2,376.9,506.3
"2026-08-31 12:40:00",3381,780.4,141,-71.8,48.62,27.47,300.6,639.4,-120.4,0.179,519,391.3,511.7
"2026-08-31 13:00:00",3382,802,146.8,-66.04,53.38,27.84,301,654.8,-119.4,0.181,535.4,399.3,518.8
"2026-08-31 13:20:00",3383,534.9,92.7,-61.52,39.56,28.48,301.6,442.3,-101.1,0.161,341.2,407.9,509
"2026-08-31 13:20:00",3384,390.1,68.61,-57.98,30.91,25.27,298.4,321.5,-88.9,0.175,232.6,391.7,480.6
"2026-08-31 13:40:00",3385,383.5,69.32,-58.7,24.98,26.06,299.2,314.2,-83.7,0.169,230.5,395.8,479.5
